Z = 3x1 +  5x2
x1 <= 4
2x2 <= 12
3x1 + 2x2 <= 18

      X1|      X2|      S1|      S2|      S3|     SOL
------------------------------------------------------
    1,00|    0,00|    1,00|    0,00|    0,00|    4,00
    0,00|   •2,00|    0,00|    1,00|    0,00|   12,00
    3,00|    2,00|    0,00|    0,00|    1,00|   18,00
------------------------------------------------------
   -3,00|   -5,00|    0,00|    0,00|    0,00|    0,00


      X1|      X2|      S1|      S2|      S3|     SOL
------------------------------------------------------
    1,00|    0,00|    1,00|    0,00|    0,00|    4,00
    0,00|    1,00|    0,00|    0,50|    0,00|    6,00
   •3,00|    0,00|    0,00|   -1,00|    1,00|    6,00
------------------------------------------------------
   -3,00|    0,00|    0,00|    2,50|    0,00|   30,00


      X1|      X2|      S1|      S2|      S3|     SOL
------------------------------------------------------
    0,00|    0,00|    1,00|    0,33|   -0,33|    2,00
    0,00|    1,00|    0,00|    0,50|    0,00|    6,00
    1,00|    0,00|    0,00|   -0,33|    0,33|    2,00
------------------------------------------------------
    0,00|    0,00|    0,00|    1,50|    1,00|   36,00


• = Pivot
Z = 36,00
(X1, X2, S1, S2, S3) = (2,00, 6,00, 2,00, 0,00, 0,00)